35,20
35,19
35,18
0,461
0,573
0,569
34,11
34,10
0,562
34,9
35,17
0,556
0,555
0,553
0,550
0,546
0,541
0,447
0,446
0,445
0,443
0,442
0,441
35,16
0,440
0,439
0,435
0,432
34,8
0,431
0,430
0,425
0,424
0,422
49,36
0,412
0,406
0,402
0,400
0,398
0,397
0,396
0,395
0,394
0,393
0,392
0,391
0,390
0,389
33,175
33,174
33,173
33,172
33,171
33,170
33,169
33,168
33,167
33,166
33,165
33,164
33,163
33,162
33,161
33,160
33,159
33,158
33,157
33,156
33,155
33,154
33,197
33,196
33,255
33,254
33,253
33,252
33,251
33,250
33,249
33,248
33,226
33,225
49,35
8,2
8,3
12,2
12,1
12,3
20,2
20,1
20,3
19,2
19,1
19,3
18,1
18,3
14,5
11,28
11,27
11,26
11,25
11,24
11,23
2,2
2,1
11,22
2,3
11,21
11,20
11,1
11,19
10,303
10,302
10,301
10,300
10,299
10,298
10,297
10,296
10,295
10,294
10,293
10,292
10,291
10,290
10,289
10,288
10,287
10,286
10,285
10,284
10,283
10,282
10,281
10,280
10,279
10,278
10,277
10,276
10,275
10,274
10,273
10,272
10,271
10,270
10,269
10,268
10,267
10,266
10,265
10,264
10,263
10,262
10,261
10,260
10,259
10,258
10,257
10,256
10,255
10,254
10,253
10,252
10,251
10,250
10,249
10,248
10,247
10,246
10,245
10,244
10,243
10,242
10,241
10,240
10,239
10,238
10,237
10,236
10,235
10,234
10,233
10,232
10,231
10,230
10,229
10,228
10,227
10,226
10,225
10,224
10,223
10,222
